.Random.seed <-
c(403L, 10L, -494011437L, 350538114L, -8766028L, -1293498057L, 
502701101L, 594676036L, 919535210L, -1386284843L, -2003610001L, 
-915963018L, -1230195552L, 1292643683L, 246169089L, 1857518960L, 
1411374350L, 1476304761L, -402186485L, 1747542074L, 501837628L, 
762662015L, 197943253L, 483480044L, -748805310L, 475688093L, 
-1264478953L, -2006143874L, 1626702904L, -161193189L, 1433962617L, 
-1416998712L, 1750202614L, -1313175247L, -689847965L, -463842510L, 
-138306428L, 1556490439L, -1779395683L, -1002432748L, -1846096454L, 
151563269L, 436290015L, 326452326L, 608699376L, -960283373L, 
-2073255247L, 1548029280L, 781026046L, -1958691191L, -1410111045L, 
-2051779702L, 507673196L, 297513967L, -749093851L, -1458920228L, 
1800551090L, -231973459L, -399154841L, -1860403570L, 1139189608L, 
-14803093L, -909784823L, 2073026456L, -2134759738L, -2131069919L, 
747561139L, 582597154L, 1600584724L, 1937797271L, 1482490509L, 
979833764L, -132895350L, -1164944907L, 897496143L, -1659505834L, 
1436510720L, 1696744259L, -1823931679L, -491188144L, -1753403218L, 
1072686169L, 1686377579L, 651287002L, 210985628L, -767247201L, 
-1666126091L, -1455320180L, 1436361314L, -1081960899L, -234948425L, 
-634091682L, 151964312L, -1429562885L, 1207321497L, 334830632L, 
1845447894L, 355793233L, 1485559811L, -1115160686L, 179285284L, 
1879253991L, -423856067L, 1524016820L, 1966746906L, -1218429339L, 
-1800760577L, -100251770L, -1205208816L, 632195507L, 693293649L, 
-460242432L, 1649893086L, -2081352407L, -1959552805L, 1866653674L, 
539737996L, -1180405553L, 1849159813L, 1399067452L, -164550126L, 
-91873011L, -707319225L, 1298575406L, -1370978936L, -451158901L, 
1696691817L, 1911269944L, 1922104038L, -1161472383L, -1626211821L, 
440778178L, -730614156L, -1740322697L, 2024040813L, 618974724L, 
-1400554198L, -1264182635L, 1234841903L, -951090122L, 73080928L, 
-795818333L, -2093989439L, -394232400L, 26965198L, -1224449479L, 
-972196789L, -777677318L, -1230106372L, 2131297599L, -533415403L, 
-1306095316L, 1535050242L, 135123165L, -174316585L, -861331778L, 
1684089080L, 271636187L, -1693831879L, 1691662472L, -1929101258L, 
-149588879L, 1135001251L, 1610118130L, 276432708L, 1685817351L, 
-751147555L, 1521197780L, 334769658L, 1564328261L, 1221690783L, 
-560875738L, -141977680L, -1460128685L, -1438158991L, 1850353312L, 
303385150L, -683122359L, -1910218757L, 390464458L, 722181420L, 
-187961041L, -554082331L, 1883176604L, 558959346L, 316058477L, 
956208295L, 396938958L, -1132714968L, 246757419L, -1296958903L, 
1844007768L, 1072356870L, -913332255L, -1548208781L, 1483513314L, 
2075529556L, 1406525527L, 1501916237L, -1720262684L, 1343319498L, 
-1115786187L, 1501844111L, 1744309142L, -1971923136L, -1338983933L, 
2002411553L, 1506495248L, -1256347410L, 793659545L, 1436384555L, 
-976030694L, 1917003484L, 284282591L, 118728885L, -577954228L, 
1451819682L, 1133480445L, 368231159L, -518691810L, -493375784L, 
-1295527365L, 1802907609L, 1734440296L, 299271318L, 164397585L, 
-913638461L, 1848551378L, 1503826532L, -89092814L, -1295063440L, 
-1870234812L, 677414872L, 124526458L, -1815663056L, 335501244L, 
208442964L, -362936254L, 2047246496L, -1318457668L, -860091952L, 
828957538L, -621182232L, 914637004L, -1248591364L, -1873597966L, 
-1475184000L, 1703245300L, -1295489400L, 2040880954L, -238484656L, 
-1137052564L, -1777305196L, -2147441582L, 1421732320L, 382385356L, 
806628512L, 1295619458L, 1780949224L, 1088028396L, 1273236796L, 
-144130958L, 785834096L, -280823772L, -1271059400L, -1046612198L, 
326368464L, -1783294148L, -420161644L, 1638468482L, -778391104L, 
2021346876L, 1646208400L, -61299166L, -281305848L, 242517644L, 
56383260L, -1527930734L, 700172672L, 1627250196L, -1745105112L, 
-661089734L, 388666832L, 8980844L, 1596728244L, -2073999342L, 
652340704L, 858374092L, 346923232L, -1490888670L, -1097498328L, 
-1619640820L, 2025250620L, 1480293362L, -232674576L, 1066968644L, 
-1709399464L, 159440698L, -1815317008L, -1548267844L, 1921964308L, 
168360642L, 1717193824L, 188707708L, -1127135280L, -1790263006L, 
1040583336L, -2036075636L, -2071222084L, 852191026L, -435516864L, 
418276532L, 215611976L, -1171513926L, 655489552L, 468503276L, 
1679706452L, -71384814L, 1899806112L, 312285900L, 344211040L, 
509992898L, -595427544L, 939642796L, -2134232260L, 2026244466L, 
1206598448L, 1870038308L, -723084488L, -1903454502L, -1190322288L, 
1766223612L, 1286833044L, -2098595774L, 1210836224L, -1193393092L, 
-1534099120L, 424855714L, 1912543560L, 1907328780L, 567390940L, 
-197022382L, -419447680L, 1362853972L, 1035327464L, 92250362L, 
-1357821104L, -1519984852L, 1236212084L, -1398387822L, -134862752L, 
-1926109812L, 235240288L, 1999882722L, -2069140568L, 662944972L, 
1122285564L, -405805646L, -1302950416L, -1391690812L, 1463147864L, 
1784934778L, -112686160L, -1585495620L, 198297684L, 662810562L, 
744126496L, 796727484L, 1052951120L, -507163678L, 139929704L, 
443038796L, 722303228L, -1004635150L, 946198784L, -146062988L, 
-581991416L, -2009333830L, 1264423376L, 398875628L, -488015468L, 
-546340398L, 1945522528L, 252374860L, -820025056L, -482715774L, 
-770388248L, -241557268L, 411395132L, 1532246898L, -702478736L, 
1948535844L, -909835464L, -505234278L, -799634736L, 515776700L, 
-267755884L, 870018690L, 122861760L, -862053572L, 561654928L, 
-1679163870L, -2143551480L, 1718568204L, 1240818844L, -711303662L, 
-781717632L, 23307796L, 376570408L, -809202374L, -333422128L, 
1133714540L, -1930544844L, 1831628434L, -1535347872L, -1339350196L, 
-2083948576L, -485935198L, -709019736L, 2107706764L, 1418162364L, 
-2102447758L, -272143120L, 1599516740L, -1681680040L, 372432442L, 
1558092656L, 495425596L, 1713420052L, 781786562L, -1875062048L, 
-1899925636L, 2056101584L, 1671614626L, -597883864L, -1960540916L, 
-549007428L, 1516400946L, 1378398656L, 910678580L, -1136184376L, 
1175212218L, 985975184L, 1159145964L, -206661036L, 1659480210L, 
400394016L, -139415092L, 1614054880L, 553752258L, -787915736L, 
537991852L, -824666948L, -1101176334L, -1282547408L, 1993366692L, 
26702381L, -461453865L, 1225640992L, 812495230L, -1150967989L, 
-1315314355L, -347296902L, 1570647480L, 1568788321L, 295298835L, 
117210932L, -1553945278L, -2063769257L, -224678751L, -288541338L, 
-340551836L, 2007684757L, -804008001L, -665021608L, -2119044746L, 
-1648790653L, -535694907L, 613521122L, -589793456L, 12571257L, 
545576363L, -101573860L, 480898122L, -1550288833L, 602368137L, 
-2099860322L, 1701108044L, 839106845L, 1977142439L, 960338896L, 
-1711250L, 1458446875L, 1370006397L, 25805162L, -2076164088L, 
-1253185359L, -1410070749L, -1046019036L, 1947162322L, 1360573223L, 
-1689717391L, -766641226L, 1029726036L, 1461934565L, 898941935L, 
-967535832L, -75787386L, 96284595L, 2017265429L, -493342350L, 
1997141440L, 902653481L, 1613281947L, -368688276L, 2121767802L, 
524870831L, -1211592775L, 1101892046L, 2059431196L, -217347955L, 
-465804041L, -506773504L, -1002872226L, -1618379477L, -145523155L, 
1215055514L, 1583845976L, -1980731967L, 1248383603L, -963293292L, 
-279847390L, 872210743L, 934850561L, 1752452358L, -618268348L, 
-512037771L, -1611039265L, -1033270984L, 839353110L, 2122996515L, 
2062725349L, -970846974L, 2050113392L, 50863897L, 1858647819L, 
-1908960260L, 760033322L, -848733089L, -1279552535L, -1910498050L, 
-2130029332L, -1243215811L, 549469191L, -495474704L, -825846898L, 
55382459L, -1598500963L, -1837392566L, 282023272L, 641710929L, 
429717571L, 951525700L, -2074699278L, -1394570297L, 841956753L, 
-322785002L, 1379647860L, 51329029L, -446447537L, -1689893816L, 
1024080358L, -1700706541L, -598126475L, 1764618834L, 1516827808L, 
430951817L, -1267499589L, 2026211852L, 858997658L, -797889777L, 
-45512359L, -1112671250L, 976044668L, 1316373229L, -1579723369L, 
995774048L, 2009494590L, -545942261L, -2090653811L, 1082324154L, 
411759352L, -1573017439L, 1301433427L, -1709473932L, 1913072898L, 
238302615L, 1281658721L, -528368730L, 1230050724L, 2147470421L, 
688996607L, 779335064L, -2095104330L, 200048451L, 1091539589L, 
